10002554
10034892
10036503
10072001
10085566
10085603
10099537
10131449
1014530
1014532
10148693
10164866
10175000
10175486
1019051
10197605
10307078
10331923
10331977
10345783
10345791
10395859
10395869
10407588
10409061
10482774
10488375
10488937
10515830
10516172
10517492
10531883
10565330
10565505
10597790
10615407
10643319
10700622
10729376
10779632
10822684
10834202
10860964
10883756
10909349
11022640
11057048
11057110
11057119
11071159
11141759
11183995
11184008
11256177
11256219
11257392
11312694
11323547
11415037
11427874
11533953
11563173
11605122
11640442
11714177
11782437
1183935
11842584
11868348
11877694
11880986
11950135
11952428
11979811
12008490
12024444
12103927
12137427
12139432
12141045
12141051
12197064
12203275
12203572
12203891
12204794
12211229
12221966
12260410
12272785
12279666
12290225
12294416
12304233
12316531
12335787
12335796
12365230
12365256
1241182
12414373
12433269
12433363
12445167
12478870
12480251
12482846
1248653
12492325
12497245
12506213
12551386
12564934
12571741
12574421
12574476
12615669
12629240
12672356
12681024
12695355
12705652
12709966
1273030
12732026
12735975
1275892
12801289
12821958
12833999
12834363
12870338
1287057
12870603
12897504
12906823
12911571
12970423
1298888
13012587
13033706
13033725
13131420
13131931
13136270
13137020
13224373
13246169
13257771
13264452
13269888
13278412
13296073
13358767
13379185
13389683
13389719
13389740
13399418
13404420
13404515
13409236
13419150
13445215
13454356
13456566
13497157
13497193
13583734
13601426
13685189
13772158
13820369
13865102
1403775
14089615
14198864
14219397
14221279
14222883
14222900
1432939
14335892
14358289
14363926
14364152
14370985
14373723
14377934
14383756
14387732
14421896
14455149
14470486
14529700
14530726
14532933
14550466
14562991
14574560
14592783
14601604
14636389
14649323
14664204
14664996
14773062
14790809
14830384
14862555
14862575
14863754
14891966
14902117
14940025
15012339
15041571
15046249
15067368
15067586
15075899
15086764
15086806
15102639
15103653
15109799
15116661
15138363
15164189
15209461
15225938
15242725
15251393
15289851
15295319
15304063
15311231
15315695
15315915
15349692
15374149
15409630
15487296
1550708
1550733
1550789
15545751
15623122
15632180
15633420
15658998
15661740
15672818
15679959
15693600
15709877
15721657
15721673
15724334
15731898
15738336
15748504
15755925
15762695
15825500
15885027
15891827
15940258
15968170
15970916
15989013
15992154
16002630
16006556
16006859
16008539
16012263
16012278
16012386
16017175
16019459
16040759
1609786
16104589
1610569
16105994
16126295
16134285
16249628
16271763
16273232
16276916
16276985
16279058
16279682
16324983
16324987
16325010
16325016
16325029
16385722
16416501
16450058
16466869
16537483
1669133
16769782
16792201
16920985
16921017
16937553
1696951
16993131
17020119
17082102
17185903
17218814
17226345
17230583
17239036
17255260
17262118
17366006
17366037
17367513
17383612
17383735
1740469
1746343
17484362
17493618
17493946
17557810
17572061
17602267
17719266
17723651
17781310
17811134
17821859
17830652
17836179
17839352
17906855
17935664
17961732
17962556
17966172
17968635
1801626
1805805
18061694
18064149
18064537
18074385
18136554
18142576
18161816
18162994
1816570
18179488
18202626
18202758
18202844
18211448
1823525
18244805
18263005
18263012
18263028
18263035
18263046
18263061
18263068
18267998
18269048
18293418
18300803
18314252
18346861
18369034
18404062
18433354
18504807
18517611
18550560
18561666
18569806
18578724
1863521
18638438
18638512
18727036
18751833
18761944
18768811
18805527
18817902
18853833
18856840
18862079
18872520
18883025
18886149
18917733
18917749
18924999
18926269
18926289
1892801
18940334
18940353
18940380
18940429
18944021
18956360
18956716
19060390
19061421
19146695
19209621
1922707
1922879
19313936
19421856
19508810
19583013
19883132
19908423
19955630
19988865
19991223
19999006
20095923
20223174
20223270
20243228
20263549
20280899
2033915
20355934
20355950
20386288
20389695
20478760
20498751
20548525
20555391
20609109
20644532
20652690
20697025
20699986
20750685
20750708
20761630
20781908
20802058
20802101
20802111
20811442
20900228
20993631
20993694
20994062
21029728
21039594
21096053
21117583
21131599
21137614
21156323
21209983
21221606
21222218
21232534
21232741
21281419
21302126
21430227
21452385
21471270
21546905
21650775
21654460
21661157
21715824
21715878
21715943
21763087
21809897
21824395
21833443
21841213
21850438
21869012
21869056
21886511
21927962
21939005
21972030
22021523
22093860
22099374
22128906
22154467
22228688
22290736
22417814
22421082
22423363
22428739
22428745
22428754
22431802
22431807
22431818
22431829
22431832
22431833
22431840
22437244
22437253
22437263
22437272
22440040
22440046
22440047
22440048
22440054
22444808
22444811
22444824
22572972
2266472
22711004
22800425
22867591
22867598
22867606
22867614
22867622
22867640
23005989
23087441
23091927
23110313
23151214
23151234
23151245
23182234
23182258
23259747
23259770
23259780
23259804
23275831
23316438
23467024
23467079
2355130
23558258
2356311
23587675
23587723
23587739
23587794
23714341
23714421
23770153
23770170
23770179
23770183
23770189
23770222
23779059
23869997
23870018
23946547
24001104
24001115
24001132
24001144
24025862
24047710
24047969
24157049
24157053
24157060
24157064
24187921
24197901
24201201
24207800
24227827
24227845
24227854
24227920
24227933
24227955
24245840
24251600
24253561
24253853
24253886
2425792
24295268
24306890
2434746
24452938
24489241
24502947
2454818
24566325
24569181
24665567
2469102
24700882
24737345
24737505
24742653
24764527
24806141
24811330
24811388
24813609
24813669
24825297
24835898
24836133
24839927
24924015
24995017
25060895
25077064
2520317
2527050
25289887
25313264
2536714
2537419
25382098
25408520
25410352
25519138
25519193
2554844
2554846
25564227
25576592
25625139
25650121
25662543
25666393
25673208
25694421
25694477
25754710
25761228
25829451
25832074
25834974
25840382
25908004
25913711
25940440
25993892
26163137
26223626
26227199
26265319
26331214
26362351
26411930
26411991
26431646
26682449
26702787
26760468
26792462
26833425
27030205
27066989
27200107
2721346
2723620
27248759
27259035
27259075
2729401
27311358
27352954
27354754
27354850
27361576
27416312
27418191
27428319
27462245
27473601
27519147
27601611
27601630
27601654
27601705
2762611
27769112
27769185
27769209
27784493
2787965
27892588
27895461
27911204
27971009
27976175
27987824
28003988
28026721
28026849
28026860
28029795
28032613
28039748
28039768
28039803
28039828
28054877
28075167
28089663
28101189
28136597
28172331
28182806
28200142
28200226
28221062
28227455
28229676
28229756
28229876
28229995
28230056
28230206
28230242
28262225
28262275
28262296
28287605
28300245
2846791
28492219
28541304
28541398
28544246
28581546
28581619
28581653
28581738
28599487
28612248
28628983
28755865
28813836
28842404
28842423
28847477
28865602
28874378
28902363
29019920
29019977
29049126
29052513
29101975
29208849
29239448
29240137
29251454
29271631
29358915
29403853
29536315
29641944
29662446
29668957
29693576
29697973
29730080
29765122
29820395
29861452
29864697
29880755
29883679
29908313
29932919
29942741
29954068
29973683
30053155
30059345
30141833
30169692
30208410
30286295
30320122
30325035
30325079
3033665
30393069
30393139
30393155
30393920
30571504
3061813
3061883
3062365
30892713
30971594
30971644
31043933
31113105
31162587
31162590
31162596
31162603
31162604
31162612
31190093
31203575
31230607
31234309
31328506
31450176
31495738
31545812
31609402
31609412
31617381
31656923
31717298
31749155
31771396
31796507
31823877
31847859
31856914
31863833
31863844
31864750
31940329
31998443
32072156
32111186
32113884
32141073
32160455
32170699
32181141
3220819
32290007
32290650
3306886
3557000
3579357
3617595
3652393
3804237
3908946
3996151
4040214
4072586
4148927
4183977
4216586
4229778
4255596
4271119
4281944
4287436
4306847
4317374
4317375
4338054
4362477
4362854
4393022
4393282
4432704
4440012
4440960
4465100
4478111
4478112
4478349
4511295
4511298
4534406
4536941
4536942
4551210
4557443
4557449
4605851
4630795
4649107
4681213
4690116
4759712
4776801
4797749
4809749
4812373
4812377
4813871
4818375
4819614
4821372
4826381
4863775
4864320
4864336
4867347
4888178
4890483
4907898
4936649
4987793
4990389
5004289
5017229
5017377
5026311
5026331
5026378
5073343
5079657
5079693
5097589
5132330
5140816
5197734
5208703
5296820
5299863
5310102
5310446
5345995
5405147
5405347
5405364
5410636
5424892
5429512
5429590
5449124
5451989
5462957
5464731
5474975
5490288
5552232
5552284
5564338
5565501
5569215
5596004
5631838
5692008
5696292
5810136
5810295
5847267
5854480
5854501
5854527
5855232
5872257
5876214
5879403
5940033
6386774
6386776
6414675
6422063
6463076
646508
646589
6669899
6690946
6725768
6726441
6732378
6821837
6858416
6934883
6939025
6955379
6969649
6974781
6991667
7028810
705172
7075856
7077493
7099465
7123860
7173128
7183211
7191039
7209049
7257666
7281371
7303283
730836
731659
7366892
7377276
741601
7434149
7443971
7458277
7470010
7493111
7530248
7543340
7550431
7550444
7555890
756477
7566212
7571335
7572676
757606
7637124
773949
7743768
7781403
7795334
7807956
7827573
7835040
7835723
7835828
7848091
7860406
7862842
7865404
7868459
7870633
7879038
7890766
7900440
7972483
8007615
8037028
8054563
8060540
8132963
8140847
8186511
8207101
8220361
8220389
8220415
8222334
8273099
8295551
8305913
8358050
836464
836468
8366413
8380701
8399530
851515
8550454
8550476
8626594
8718660
8798983
8882257
8882264
9013493
9174934
9207586
9215234
9215341
9232412
9244890
9260592
9267470
9319527
9327755
9333443
938584
941257
9521401
9561987
9571743
9576214
9600887
9624203
963825
9653690
9695881
971922
9725097
9735832
9759079
9799453
9816047
9822033
9869100
9875003
9876063
9911933
9942858
9952175
9978121
9980164
